name=Default
albedo=0.901961,0.67451,0.203922,1
metallic=0.805
roughness=1
opacity=1
