name=Ground
albedo=0.167291,0.289216,0.181635,1
metallic=1
roughness=0.927
opacity=1
