name=NewMaterial
albedo=0.152441,0.598039,0.21797,1
metallic=0.761
roughness=0.978
opacity=0.864
